Day,Month,MaxTemp,MeanTemp,MinTemp, MeanHumidity, MaxWind, MeanWind
1,1,47,37,27,45,21,8
2,1,49,42,35,48,12,3
3,1,42,38,34,73,9,3
4,1,67,55,42,68,26,13
5,1,52,41,29,35,28,14
6,1,32,28,24,55,14,5
7,1,30,23,15,49,30,15
8,1,26,19,12,36,24,11
9,1,42,34,26,34,28,12
10,1,30,25,19,32,20,8
11,1,43,32,21,48,10,5
12,1,43,39,35,74,12,4
13,1,42,36,29,54,22,12
14,1,33,30,26,61,13,8
15,1,42,37,32,60,12,6
16,1,48,38,27,61,25,10
17,1,40,34,28,55,20,9
18,1,45,40,34,74,22,5
19,1,50,42,33,55,17,6
20,1,50,41,31,62,9,2
21,1,39,37,34,77,13,5
22,1,49,43,36,64,23,8
23,1,43,37,31,67,13,5
24,1,45,41,37,64,26,10
25,1,52,44,36,53,15,6
26,1,46,38,29,66,22,13
27,1,37,34,30,65,22,15
28,1,39,32,24,40,23,14
29,1,40,33,26,51,14,6
30,1,43,33,23,47,31,16
31,1,36,28,20,46,25,10
1,2,44,36,27,54,9,4
2,2,50,39,27,62,36,12
3,2,39,32,25,36,22,10
4,2,55,42,29,48,17,9
5,2,44,33,21,42,31,17
6,2,38,28,17,39,17,7
7,2,50,38,26,42,13,4
8,2,68,52,35,50,15,5
9,2,45,40,34,69,16,10
10,2,40,37,33,71,21,15
11,2,47,38,29,50,18,8
12,2,44,32,20,53,35,13
13,2,30,23,15,36,28,13
14,2,45,32,18,46,39,14
15,2,22,17,11,33,39,22
16,2,20,15,10,56,21,8
17,2,31,24,17,58,15,6
18,2,34,24,13,63,28,8
19,2,21,16,11,43,28,16
20,2,22,14,5,33,23,9
21,2,35,25,14,62,20,10
22,2,22,14,5,33,23,9
23,2,41,30,19,46,26,15
24,2,30,22,14,44,15,8
25,2,42,32,21,52,16,4
26,2,39,35,31,66,17,7
27,2,42,32,21,52,16,4
28,2,33,27,20,39,15,5
1,3,34,29,24,68,10,6
2,3,46,40,33,60,26,9
3,3,41,36,31,59,18,9
4,3,51,45,39,78,14,6
5,3,45,34,23,72,21,13
6,3,30,23,15,50,21,7
7,3,49,34,19,54,22,8
8,3,59,46,32,48,16,6
9,3,62,50,37,50,12,3
10,3,50,45,39,77,12,4
11,3,67,57,46,67,17,6
12,3,60,52,43,35,18,9
13,3,55,46,37,46,14,5
14,3,60,53,45,78,16,8
15,3,58,51,44,57,30,13
16,3,69,54,38,59,12,4
17,3,73,57,40,52,33,15
18,3,53,45,36,28,31,10
19,3,53,46,39,40,13,4
20,3,46,41,36,64,15,8
21,3,61,48,35,65,14,6
22,3,56,51,45,44,23,11
23,3,51,44,36,33,22,8
24,3,47,42,37,42,14,6
25,3,54,45,35,56,13,5
26,3,77,63,49,66,25,11
27,3,52,47,41,61,23,12
28,3,42,37,31,41,26,16
29,3,49,39,28,30,20,10
30,3,66,54,42,31,28,11
31,3,73,58,43,47,33,14
1,4,73,58,43,47,33,14
2,4,74,58,42,47,29,16
3,4,73,67,61,64,33,12
4,4,68,57,45,44,33,14
5,4,69,55,40,32,24,11
6,4,77,63,48,40,23,11
7,4,73,63,53,75,24,8
8,4,53,49,45,80,21,11
9,4,50,48,45,82,14,8
10,4,68,57,45,63,23,7
11,4,68,60,51,46,26,11
12,4,70,57,43,41,14,5
13,4,80,66,52,50,24,12
14,4,67,61,54,76,22,8
15,4,68,60,52,50,17,7
16,4,74,63,52,44,21,6
17,4,79,69,59,69,16,6
18,4,84,73,61,55,15,4
19,4,69,62,55,61,22,13
20,4,82,70,57,73,35,12
21,4,71,63,54,50,28,11
22,4,74,63,51,47,29,12
23,4,60,53,45,39,24,12
24,4,63,52,40,34,25,13
25,4,53,49,45,60,15,6
26,4,67,56,45,56,14,5
27,4,62,55,47,50,22,12
28,4,72,60,48,47,21,12
29,4,78,65,52,48,12,4
30,4,74,65,56,62,28,7
1,5,64,59,54,65,17,7
2,5,78,65,51,54,14,5
3,5,84,70,56,51,14,5
4,5,84,70,56,55,22,10
5,5,86,75,64,63,25,7
6,5,83,74,64,74,15,5
7,5,81,72,62,63,12,6
8,5,84,74,64,67,13,5
9,5,83,74,65,67,14,6
10,5,85,77,69,73,13,7
11,5,83,77,71,76,16,5
12,5,90,81,71,55,29,10
13,5,72,64,56,45,25,16
14,5,73,63,53,47,15,7
15,5,78,68,58,58,16,10
16,5,88,78,67,67,23,8
17,5,87,79,70,71,15,4
18,5,92,82,72,67,22,5
19,5,90,81,72,61,17,6
20,5,75,69,62,46,24,15
21,5,63,58,53,65,16,7
22,5,79,66,52,54,23,11
23,5,75,65,54,40,17,8
24,5,82,70,57,61,14,8
25,5,85,76,67,58,23,12
26,5,88,79,69,62,17,11
27,5,90,83,75,65,21,9
28,5,92,83,73,60,25,6
29,5,87,81,74,72,15,8
30,5,90,81,72,66,17,11
31,5,92,83,74,63,21,12
1,6,92,82,71,67,35,8
2,6,72,66,60,84,17,11
3,6,64,62,59,78,17,11
4,6,65,62,59,84,15,10
5,6,75,68,60,77,14,5
6,6,85,75,65,71,18,9
7,6,79,73,67,67,17,9
8,6,88,77,65,70,38,13
9,6,89,81,72,59,18,12
10,6,84,76,68,59,16,7
11,6,93,82,71,63,12,8
12,6,94,86,77,66,25,10
13,6,92,84,75,66,17,6
14,6,93,86,78,67,26,5
15,6,93,86,78,67,26,6
16,6,96,87,77,65,16,9
17,6,84,79,74,65,14,5
18,6,91,82,72,73,24,6
19,6,89,81,73,68,20,7
20,6,92,84,76,73,16,6
21,6,94,85,76,67,20,9
22,6,94,86,78,55,15,8
23,6,96,86,75,68,43,11
24,6,86,78,70,61,18,8
25,6,87,79,70,64,31,6
26,6,83,76,69,69,13,6
27,6,78,74,69,82,21,11
28,6,82,75,67,65,20,9
29,6,84,74,63,55,15,8
30,6,89,80,71,70,39,9
1,7,88,79,69,67,40,7
2,7,77,73,69,76,16,4
3,7,83,75,66,72,10,4
4,7,85,79,72,76,14,3
5,7,87,79,71,71,12,4
6,7,89,83,76,74,18,7
7,7,91,83,75,66,17,8
8,7,92,85,78,71,26,8
9,7,92,85,78,70,20,7
10,7,88,83,77,58,18,10
11,7,88,82,75,64,10,5
12,7,88,79,70,58,10,5
13,7,82,78,74,75,9,5
14,7,89,83,76,71,16,7
15,7,88,80,72,65,23,11
16,7,87,77,66,51,18,7
17,7,85,78,71,70,13,8
18,7,88,83,77,73,14,8
19,7,98,89,79,70,15,6
20,7,97,90,82,64,15,7
21,7,92,86,79,63,25,7
22,7,89,81,72,50,16,9
23,7,88,80,71,51,17,7
24,7,90,80,69,51,16,7
25,7,90,81,72,57,16,7
26,7,91,83,74,60,18,12
27,7,90,82,73,72,20,6
28,7,94,86,77,67,21,4
29,7,92,85,78,71,18,9
30,7,92,85,78,75,26,8
31,7,92,83,74,51,16,8
1,8,92,83,74,57,15,7
2,8,91,82,73,48,16,7
3,8,93,83,72,58,17,10
4,8,96,86,76,56,22,7
5,8,93,84,75,56,17,6
6,8,85,80,75,53,17,8
7,8,83,77,70,68,16,9
8,8,88,81,74,51,16,8
9,8,89,81,72,59,13,7
10,8,79,76,72,79,20,11
11,8,90,82,73,70,24,9
12,8,85,78,70,58,21,11
13,8,85,77,68,47,16,7
14,8,88,76,64,59,13,5
15,8,90,79,68,61,14,8
16,8,94,82,69,54,15,7
17,8,96,84,72,64,15,8
18,8,90,82,74,73,15,7
19,8,91,84,77,66,17,10
20,8,86,80,74,82,21,8
21,8,86,79,71,64,22,9
22,8,86,76,65,57,13,6
23,8,85,75,64,59,12,5
24,8,91,81,71,69,29,7
25,8,85,77,69,64,15,8
26,8,82,75,67,56,17,8
27,8,82,73,63,58,14,7
28,8,83,74,65,63,14,4
29,8,89,78,67,62,15,10
30,8,87,78,69,66,13,8
31,8,88,81,74,69,14,8
1,9,95,83,71,65,12,4
2,9,94,85,75,68,14,5
3,9,96,85,74,61,24,5
4,9,92,84,75,63,15,7
5,9,86,80,73,68,15,8
6,9,87,78,68,57,10,5
7,9,90,80,69,64,13,6
8,9,92,82,72,69,15,9
9,9,94,85,75,69,16,9
10,9,84,77,70,76,20,10
11,9,87,76,65,57,16,7
12,9,75,71,67,82,15,6
13,9,74,67,60,53,22,11
14,9,80,68,55,51,20,8
15,9,84,72,60,54,9,4
16,9,86,73,60,58,12,4
17,9,86,75,63,63,12,5
18,9,87,76,65,63,15,6
19,9,87,77,67,70,13,8
20,9,82,75,68,65,18,11
21,9,70,67,63,70,15,10
22,9,75,69,62,74,18,10
23,9,80,70,60,59,17,9
24,9,79,70,60,58,15,8
25,9,73,68,63,73,17,11
26,9,74,69,64,63,22,13
27,9,75,69,62,71,16,11
28,9,83,75,67,74,13,6
29,9,80,76,71,87,17,7
30,9,78,71,63,83,24,11
1,10,63,60,57,86,22,14
2,10,58,54,50,91,24,18
3,10,58,54,50,91,25,17
4,10,59,57,54,83,25,15
5,10,69,61,52,68,16,8
6,10,77,64,50,64,13,4
7,10,78,68,58,70,15,3
8,10,78,68,57,72,10,4
9,10,79,71,62,78,25,8
10,10,66,59,51,59,21,8
11,10,71,59,47,65,10,4
12,10,75,63,50,69,14,6
13,10,78,69,59,72,15,7
14,10,71,63,55,60,17,7
15,10,68,61,53,56,17,9
16,10,67,59,51,56,20,9
17,10,60,52,44,49,23,10
18,10,54,46,38,49,22,10
19,10,56,47,37,62,14,7
20,10,68,56,44,69,10,6
21,10,73,61,48,62,8,5
22,10,76,63,50,67,10,6
23,10,70,61,52,59,17,8
24,10,62,55,47,69,13,7
25,10,71,63,54,67,21,10
26,10,61,54,46,57,17,7
27,10,59,52,44,77,16,8
28,10,70,63,55,90,23,13
29,10,73,65,56,70,17,7
30,10,61,54,46,57,21,12
31,10,61,52,42,64,16,6
1,11,64,59,53,80,15,9
2,11,66,59,51,76,7,2
3,11,72,59,46,69,7,1
4,11,75,62,48,63,16,2
5,11,72,65,58,91,9,4
6,11,80,70,60,79,21,10
7,11,71,63,54,72,18,7
8,11,58,51,44,52,16,7
9,11,53,47,41,76,14,6
10,11,61,56,51,89,22,12
11,11,64,58,51,66,23,11
12,11,66,58,49,67,18,7
13,11,62,56,49,41,28,12
14,11,55,48,41,42,26,11
15,11,64,50,36,54,14,8
16,11,70,56,42,53,10,4
17,11,61,54,46,70,16,7
18,11,65,56,46,77,18,9
19,11,65,62,59,86,21,7
20,11,60,51,42,46,22,12
21,11,55,47,38,64,15,6
22,11,49,43,37,65,26,14
23,11,42,37,32,49,21,11
24,11,56,45,33,56,17,7
25,11,58,48,37,63,12,5
26,11,64,52,40,71,7,3
27,11,65,54,42,76,15,5
28,11,64,57,49,80,15,5
29,11,59,52,45,79,15,9
30,11,45,42,39,77,17,10
1,12,48,46,44,97,12,5
2,12,59,54,48,89,18,6
3,12,53,48,42,54,29,14
4,12,53,45,36,62,13,5
5,12,54,44,33,68,7,2
6,12,52,43,33,77,12,3
7,12,60,48,36,63,13,5
8,12,56,47,38,65,13,4
9,12,49,44,39,90,10,5
10,12,63,52,41,72,8,3
11,12,66,54,42,80,12,4
12,12,68,57,45,78,9,3
13,12,71,60,48,79,10,5
14,12,69,61,53,87,22,11
15,12,67,57,47,67,26,12
16,12,57,49,41,45,10,5
17,12,54,51,47,93,10,4
18,12,52,44,35,67,29,14
19,12,45,38,30,46,28,10
20,12,46,39,32,51,13,6
21,12,58,48,38,61,21,12
22,12,62,57,51,89,15,8
23,12,66,60,54,95,15,6
24,12,71,66,60,91,25,10
25,12,69,63,57,95,31,5
26,12,60,56,51,81,21,9
27,12,70,61,51,89,24,11
28,12,60,51,41,71,25,14
29,12,53,49,44,92,14,7
30,12,55,52,49,89,10,5
31,12,57,51,44,78,17,8